0.0241645236572
0.0395949799624
0.0488782765424
0.0556941448537
0.06194598808
0.0672960387421
0.0715570383371
0.0754084980644
0.0795713729174
0.0830899600878
0.0863012272902
0.088743171563
0.0917658754118
0.0943744768383
0.096612928555
0.0996444197929
0.102073110029
0.104368675373
0.106208816062
0.108575033583
0.110589252546
0.112719479642
0.114495946091
0.116974528994
0.118974359866
0.120632732467
0.123172225538
0.125192958899
0.127369603551
0.128870138355
0.131319959108
0.133446109027
0.135405747784
0.136766736891
0.139116486444
0.140971073113
0.142823581581
0.144367203305
0.146888377373
0.148761882459
0.150123330793
0.152674168694
0.154680374701
0.15668572694
0.158387811504
0.161113986441
0.163194504717
0.165485601531
0.167067292069
0.169824353944
0.1721109576
0.173790295525
0.176754082456
0.179122019778
0.181691348974
0.183669078305
0.187026370881
0.189687438514
0.19239572159
0.194530874269
0.197855370759
0.20090900173
0.203355087712
0.207153686815
0.210359562736
0.213639424401
0.216273267679
0.220610806217
0.224122744443
0.227704123059
0.230654424628
0.235545101765
0.239918344657
0.244335986961
0.24818091988
0.25384643872
0.258849703886
0.263380962816
0.270346725018
0.276121316708
0.282770468918
0.290077042798
0.299243723252
0.308449844483
0.319319261339
0.330448216246
0.344333241807
0.359974829253
0.373630520856
0.392304370298
0.411133888626
0.433076917824
0.456508615749
0.49034685703
0.534267716746
0.579004746732
0.621946038242
0.690212541034
0.943869140635
1.33364712037
